
Checking Gradients (with regularization) ... 
Theta_grad =

  -0.23715  -0.64230  -0.01435
   0.00000   0.00000   0.00000
   2.01895   4.20906   2.88285
  -0.73464   3.17312   1.15163
   0.00000   0.00000   0.00000

Theta_grad =

  -0.23735  -0.64262  -0.01436
   0.00000   0.00000   0.00000
   2.01895   4.20906   2.88285
  -0.73444   3.17306   1.15163
   0.00000   0.00000   0.00000

Theta_grad =

  -0.23725  -0.64246  -0.01436
   0.00000   0.00000   0.00000
   2.01895   4.20905   2.88286
  -0.73458   3.17308   1.15166
   0.00000   0.00000   0.00000

Theta_grad =

  -0.23725  -0.64246  -0.01436
   0.00000   0.00000   0.00000
   2.01894   4.20906   2.88285
  -0.73450   3.17311   1.15161
   0.00000   0.00000   0.00000

Theta_grad =

  -0.23725  -0.64246  -0.01436
   0.00000   0.00000   0.00000
   2.01868   4.20907   2.88286
  -0.73454   3.17309   1.15163
   0.00000   0.00000   0.00000

Theta_grad =

  -0.23725  -0.64246  -0.01436
   0.00000   0.00000   0.00000
   2.01921   4.20905   2.88285
  -0.73454   3.17309   1.15163
   0.00000   0.00000   0.00000

Theta_grad =

  -0.23725  -0.64246  -0.01436
   0.00000   0.00000   0.00000
   2.01895   4.20906   2.88285
  -0.73469   3.17311   1.15164
   0.00000   0.00000   0.00000

Theta_grad =

  -0.23725  -0.64246  -0.01436
   0.00000   0.00000   0.00000
   2.01895   4.20906   2.88285
  -0.73439   3.17307   1.15163
   0.00000   0.00000   0.00000

Theta_grad =

  -0.23726  -0.64244  -0.01436
   0.00000   0.00000   0.00000
   2.01895   4.20906   2.88285
  -0.73459   3.17287   1.15163
   0.00000   0.00000   0.00000

Theta_grad =

  -0.23724  -0.64248  -0.01436
   0.00000   0.00000   0.00000
   2.01895   4.20906   2.88285
  -0.73450   3.17332   1.15164
   0.00000   0.00000   0.00000

Theta_grad =

  -0.23725  -0.64246  -0.01436
   0.00000   0.00000   0.00000
   2.01901   4.20918   2.88269
  -0.73450   3.17313   1.15154
   0.00000   0.00000   0.00000

Theta_grad =

  -0.23725  -0.64246  -0.01436
   0.00000   0.00000   0.00000
   2.01888   4.20894   2.88302
  -0.73458   3.17306   1.15173
   0.00000   0.00000   0.00000

Theta_grad =

  -0.23725  -0.64246  -0.01436
   0.00000   0.00000   0.00000
   2.01886   4.20860   2.88272
  -0.73454   3.17309   1.15163
   0.00000   0.00000   0.00000

Theta_grad =

  -0.23725  -0.64246  -0.01436
   0.00000   0.00000   0.00000
   2.01903   4.20951   2.88299
  -0.73454   3.17309   1.15163
   0.00000   0.00000   0.00000

Theta_grad =

  -0.23725  -0.64246  -0.01436
   0.00000   0.00000   0.00000
   2.01895   4.20906   2.88285
  -0.73448   3.17287   1.15160
   0.00000   0.00000   0.00000

Theta_grad =

  -0.23725  -0.64246  -0.01436
   0.00000   0.00000   0.00000
   2.01895   4.20906   2.88285
  -0.73461   3.17332   1.15167
   0.00000   0.00000   0.00000

Theta_grad =

  -0.23719  -0.64230  -0.01432
   0.00000   0.00000   0.00000
   2.01895   4.20906   2.88285
  -0.73458   3.17299   1.15152
   0.00000   0.00000   0.00000

Theta_grad =

  -0.23731  -0.64262  -0.01440
   0.00000   0.00000   0.00000
   2.01895   4.20906   2.88285
  -0.73450   3.17320   1.15174
   0.00000   0.00000   0.00000

Theta_grad =

  -0.23725  -0.64246  -0.01436
   0.00000   0.00000   0.00000
   2.01899   4.20913   2.88276
  -0.73451   3.17315   1.15151
   0.00000   0.00000   0.00000

Theta_grad =

  -0.23725  -0.64246  -0.01436
   0.00000   0.00000   0.00000
   2.01890   4.20898   2.88295
  -0.73458   3.17303   1.15175
   0.00000   0.00000   0.00000

Theta_grad =

  -0.23725  -0.64246  -0.01436
   0.00000   0.00000   0.00000
   2.01889   4.20894   2.88251
  -0.73454   3.17309   1.15163
   0.00000   0.00000   0.00000

Theta_grad =

  -0.23725  -0.64246  -0.01436
   0.00000   0.00000   0.00000
   2.01900   4.20917   2.88320
  -0.73454   3.17309   1.15163
   0.00000   0.00000   0.00000

Theta_grad =

  -0.23725  -0.64246  -0.01436
   0.00000   0.00000   0.00000
   2.01895   4.20906   2.88285
  -0.73448   3.17301   1.15147
   0.00000   0.00000   0.00000

Theta_grad =

  -0.23725  -0.64246  -0.01436
   0.00000   0.00000   0.00000
   2.01895   4.20906   2.88285
  -0.73460   3.17317   1.15180
   0.00000   0.00000   0.00000

Theta_grad =

  -0.23728  -0.64256  -0.01436
   0.00000   0.00000   0.00000
   2.01895   4.20906   2.88285
  -0.73454   3.17309   1.15163
   0.00000   0.00000   0.00000

Theta_grad =

  -0.23721  -0.64236  -0.01436
   0.00000   0.00000   0.00000
   2.01895   4.20906   2.88285
  -0.73454   3.17309   1.15163
   0.00000   0.00000   0.00000

Theta_grad =

  -0.23725  -0.64246  -0.01436
   0.00000   0.00000   0.00000
   2.01895   4.20906   2.88285
  -0.73454   3.17309   1.15163
   0.00000   0.00000   0.00000

Theta_grad =

  -0.23725  -0.64246  -0.01436
   0.00000   0.00000   0.00000
   2.01895   4.20906   2.88285
  -0.73454   3.17309   1.15163
   0.00000   0.00000   0.00000

Theta_grad =

  -0.23725  -0.64246  -0.01436
   0.00000   0.00000   0.00000
   2.01886   4.20889   2.88285
  -0.73454   3.17309   1.15163
   0.00000   0.00000   0.00000

Theta_grad =

  -0.23725  -0.64246  -0.01436
   0.00000   0.00000   0.00000
   2.01903   4.20923   2.88286
  -0.73454   3.17309   1.15163
   0.00000   0.00000   0.00000

Theta_grad =

  -0.23725  -0.64246  -0.01436
   0.00000   0.00000   0.00000
   2.01895   4.20906   2.88285
  -0.73469   3.17305   1.15175
   0.00000   0.00000   0.00000

Theta_grad =

  -0.23725  -0.64246  -0.01436
   0.00000   0.00000   0.00000
   2.01895   4.20906   2.88285
  -0.73439   3.17313   1.15151
   0.00000   0.00000   0.00000

Theta_grad =

  -0.23725  -0.64246  -0.01436
   0.00000   0.00000   0.00000
   2.01895   4.20906   2.88285
  -0.73454   3.17309   1.15163
   0.00000   0.00000   0.00000

Theta_grad =

  -0.23725  -0.64246  -0.01436
   0.00000   0.00000   0.00000
   2.01895   4.20906   2.88285
  -0.73454   3.17309   1.15163
   0.00000   0.00000   0.00000

Theta_grad =

  -0.23735  -0.64273  -0.01436
   0.00000   0.00000   0.00000
   2.01895   4.20906   2.88285
  -0.73454   3.17309   1.15163
   0.00000   0.00000   0.00000

Theta_grad =

  -0.23715  -0.64219  -0.01435
   0.00000   0.00000   0.00000
   2.01895   4.20906   2.88285
  -0.73454   3.17309   1.15163
   0.00000   0.00000   0.00000

Theta_grad =

  -0.23725  -0.64246  -0.01436
   0.00000   0.00000   0.00000
   2.01895   4.20906   2.88285
  -0.73454   3.17309   1.15163
   0.00000   0.00000   0.00000

Theta_grad =

  -0.23725  -0.64246  -0.01436
   0.00000   0.00000   0.00000
   2.01895   4.20906   2.88285
  -0.73454   3.17309   1.15163
   0.00000   0.00000   0.00000

Theta_grad =

  -0.23725  -0.64246  -0.01436
   0.00000   0.00000   0.00000
   2.01878   4.20872   2.88281
  -0.73454   3.17309   1.15163
   0.00000   0.00000   0.00000

Theta_grad =

  -0.23725  -0.64246  -0.01436
   0.00000   0.00000   0.00000
   2.01912   4.20939   2.88290
  -0.73454   3.17309   1.15163
   0.00000   0.00000   0.00000

Theta_grad =

  -0.23725  -0.64246  -0.01436
   0.00000   0.00000   0.00000
   2.01895   4.20906   2.88285
  -0.73458   3.17258   1.15170
   0.00000   0.00000   0.00000

Theta_grad =

  -0.23725  -0.64246  -0.01436
   0.00000   0.00000   0.00000
   2.01895   4.20906   2.88285
  -0.73450   3.17360   1.15157
   0.00000   0.00000   0.00000

Theta_grad =

  -0.23725  -0.64246  -0.01436
   0.00000   0.00000   0.00000
   2.01895   4.20906   2.88285
  -0.73454   3.17309   1.15163
   0.00000   0.00000   0.00000

Theta_grad =

  -0.23725  -0.64246  -0.01436
   0.00000   0.00000   0.00000
   2.01895   4.20906   2.88285
  -0.73454   3.17309   1.15163
   0.00000   0.00000   0.00000

Theta_grad =

  -0.23725  -0.64247  -0.01436
   0.00000   0.00000   0.00000
   2.01895   4.20906   2.88285
  -0.73454   3.17309   1.15163
   0.00000   0.00000   0.00000

Theta_grad =

  -0.23725  -0.64245  -0.01436
   0.00000   0.00000   0.00000
   2.01895   4.20906   2.88285
  -0.73454   3.17309   1.15163
   0.00000   0.00000   0.00000

